90 90 90 90 
90 90 90 90  /* this line for information b3 b3 b2 b2 */ 
90 90 90 90 
90 90 90 90 
90 90 90 90 
90 90 90 90 
90 90 90 90 
90 90 90 90 
90 90 90 90 
90 90 90 90 
90 90 90 90 
90 90 90 90 
90 90 90 90 
90 90 90 90 
90 90 90 90 
90 90 90 90 
90 90 90 90 
90 90 90 90 
90 90 90 90 
90 90 90 90 
90 90 90 90 
90 90 90 90 
90 90 90 90 
90 90 90 90 
90 90 90 90 
90 90 90 90 
90 90 90 90 
90 90 90 90 
90 90 90 90 
90 90 90 90 
90 90 90 90 
90 90 90 90 
90 90 90 90 
90 90 90 90 
90 90 90 90 
90 90 90 90 
90 90 90 90 
90 90 90 90 
90 90 90 90 
90 90 90 90 
90 90 90 90 
90 90 90 90 
90 90 90 90 
90 90 90 90 
90 90 90 90 
90 90 90 90 
90 90 90 90 
90 90 90 90 
90 90 90 90 
90 90 90 90 
90 90 90 90 
90 90 90 90 
90 90 90 90 
90 90 90 90 
90 90 90 90 
90 90 90 90 
90 90 90 90 
90 90 90 90 
90 90 90 90 
90 90 90 90 
90 90 90 90 
90 90 90 90 
90 90 90 90 
90 90 90 90 
90 90 90 90 
90 90 90 90 
90 90 90 90 
90 90 90 90 
90 90 90 90 
90 90 90 90 
90 90 90 90 
90 90 90 90 
90 90 90 90 
90 90 90 90 
90 90 90 90 
90 90 90 90 
90 90 90 90 
90 90 90 90 
90 90 90 90 
90 90 90 90 
90 90 90 90 
90 90 90 90 
90 90 90 90 
90 90 90 90 
90 90 90 90 
90 90 90 90 
90 90 90 90 
90 90 90 90 
90 90 90 90 
90 90 90 90 
90 90 90 90 
90 90 90 90 
90 90 90 90 
90 90 90 90 
89 e2 83 c2
18 89 d5 b8
6b 89 04 08
50 b8 d8 a2
04 08 8d 5d 
f4 c7 03 f8
4f 84 3e c3
c3 c3 c3 c3
66 66 66 66
67 67 67 67
68 68 68 68
69 69 69 69
6a 6a 6a 6a
6b 6b 6b 6b
6c 6c 6c 6c
6d 6d 6d 6d
6e 6e 6e 6e
6f 6f 6f 6f
70 70 70 70
71 71 71 71
72 72 72 72
73 73 73 73
74 74 74 74
75 75 75 75
76 76 76 76 
77 77 77 77
78 78 78 78
79 79 79 79
7a 7a 7a 7a
7b 7b 7b 7b
7c 7c 7c 7c
7d 7d 7d 7d
7e 7e 7e 7e
7f 7f 7f 7f 
80 80 80 80
81 81 81 81
82 82 82 82
83 83 83 83
84 84 84 84
85 85 85 85
86 86 86 86
87 87 87 87 
88 88 88 88
89 89 89 89
8a 8a 8a 8a
8b 8b 8b 8b 
8c 8c 8c 8c 
8d 8d 8d 8d
8e 8e 8e 8e
8f 8f 8f 8f
90 90 90 90
91 91 91 91
92 92 92 92
93 93 93 93
94 94 94 94
95 95 95 95
96 96 96 96 
97 97 97 97
98 98 98 98 
99 99 99 99
9a 9a 9a 9a
9b 9b 9b 9b
9c 9c 9c 9c
9d 9d 9d 9d
9e 9e 9e 9e 
9f 9f 9f 9f
a0 a0 a0 a0
a1 a1 a1 a1
a2 a2 a2 a2
a3 a3 a3 a3
a4 a4 a4 a4
a5 a5 a5 a5
a6 a6 a6 a6
a7 a7 a7 a7
a8 a8 a8 a8
a9 a9 a9 a9
aa aa aa aa
ab ab ab ab
ac ac ac ac
ad ad ad ad
ae ae ae ae
af af af af
b0 b0 b0 b0
b1 b1 b1 b1 
b2 b2 6a b4
68 55

